Card Serial 22727
Chamber Serial 65452

Last location: Calum's house

Notes:
Was installed for several months at Bo'ness.
Has not been returned to Edinburgh Instruments for recalibration

Settings, Recorded 2022-10-22:
X 1.17 22727 4106 8 0 0
N -0.0002 0.0000 0.0000 0.00 0.0000 31003 993.5 0
N1 51877 51204 0 -0.0002 30975 993.5
O1 1.0000 -80.0000 0 1.0071 -0.0010 3992
C1 0.0144 0.6416 0.8042 -0.4602 0.9973 0.3210 3276 3276 248 183
E1 30562 30496 0.3194 926 19.0000 -0.3627 1.0651 0.2976 -10 -320

--------------------

Card Serial 22228, 
Gauldry Box, STCON
Settings Recorded 2023-02-15
X 1.17 22228 4106 8 0 0
N 0.0000 0.0000 0.0000 0.00 0.0000 32144 1008.3 0
N1 49285 49276 0 0.0000 32108 1008.2
O1 1.0000 0.0000 0 1.0032 -0.0011 3980
C1 0.0144 0.6416 0.8042 -0.4602 0.9972 0.3362 3271 3276 247 184
E1 30788 30832 0.3194 835 0.0000 -0.3627 1.0651 0.2976 -10 -320

Card Serial 22727, 
Gauldry Box, ST30C
Settings Recorded 2023-02-15
X 1.17 22727 4106 8 0 0
N 0.0000 0.0000 0.0000 0.00 0.0000 42218 1007.0 0
N1 53967 53861 0 0.0000 42220 1007.0
O1 1.0000 -80.0000 0 1.0071 -0.0010 3997
C1 0.0144 0.6416 0.8042 -0.4602 0.9973 0.3210 3261 3276 248 183
E1 30562 30496 0.3194 926 19.0000 -0.3627 1.0651 0.2976 -10 -320

Card Serial 22229, 
Gauldry Box, ST20C
Settings Recorded 2023-02-15
X 1.17 22229 4106 8 0 0
N -0.0000 0.0000 0.0000 0.00 0.0000 41349 1004.5 0
N1 49265 50383 0 -0.0000 41351 1004.5
O1 1.0090 -0.0016 0 1.0060 -0.0006 3993
C1 0.0144 0.6416 0.8042 -0.4602 1.0261 0.3415 3275 3276 250 184
E1 30802 30979 0.3194 845 0.0000 -0.3627 1.0651 0.2976 -10 -320

Card Serial 22230, 
Gauldry Box, STINS
Settings Recorded 2023-02-15
X 1.17 22230 4106 8 0 0
N 0.0003 0.0000 0.0000 0.00 0.0000 40797 1004.4 0
N1 51635 50585 9 0.0003 40799 1004.4
O1 1.0000 0.0000 9 1.0077 -0.0011 4004
C1 0.0144 0.6416 0.8042 -0.4602 0.9800 0.3366 3286 3276 245 186
C1 0.0144 0.6416 0.8042 -0.4602 0.9800 0.3366 3299 3276 245 186 // After zeroing
E1 30632 30714 0.3194 894 0.0000 -0.3627 1.0651 0.2976 -10 -320